%YAML:1.0
---
calibration_time: "04/23/20 18:57:11"
image_width: 640
image_height: 480
board_width: 9
board_height: 6
square_size: 1.
aspectRatio: 1.
flags: 10
camera_matrix: !!opencv-matrix
   rows: 3
   cols: 3
   dt: d
   data: [ 4.5365332234241646e+02, 0., 3.0728316077810280e+02, 0.,
       4.5365332234241646e+02, 2.3068578256989551e+02, 0., 0., 1. ]
distortion_coefficients: !!opencv-matrix
   rows: 5
   cols: 1
   dt: d
   data: [ 1.7381033662269157e-02, -3.7630536025500726e-02, 0., 0., 0. ]
avg_reprojection_error: 4.3167674906948589e-01
