%YAML:1.0
---
calibration_time: "04/24/20 12:52:40"
image_width: 640
image_height: 480
board_width: 9
board_height: 6
square_size: 1.
flags: 0
camera_matrix: !!opencv-matrix
   rows: 3
   cols: 3
   dt: d
   data: [ 4.4843221423049533e+02, 0., 3.1015948634234002e+02, 0.,
       4.5059305614877650e+02, 2.3647753325403318e+02, 0., 0., 1. ]
distortion_coefficients: !!opencv-matrix
   rows: 5
   cols: 1
   dt: d
   data: [ -3.3332873733177275e-02, 2.1249977118921348e-01,
       9.3383320995798057e-03, -2.1080008284470310e-04, 0. ]
avg_reprojection_error: 4.7111781812325443e-01
