%YAML:1.0
---
calibration_time: "04/24/20 10:01:17"
nframes: 17
image_width: 640
image_height: 480
board_width: 9
board_height: 6
square_size: 1.
aspectRatio: 1.
flags: 10
camera_matrix: !!opencv-matrix
   rows: 3
   cols: 3
   dt: d
   data: [ 4.1573105270913510e+02, 0., 2.9619384878540615e+02, 0.,
       4.1573105270913510e+02, 2.2776980670529605e+02, 0., 0., 1. ]
distortion_coefficients: !!opencv-matrix
   rows: 5
   cols: 1
   dt: d
   data: [ 2.6692982912235437e-02, -4.6329025002086509e-03, 0., 0., 0. ]
avg_reprojection_error: 9.0828603193128876e-01
per_view_reprojection_errors: !!opencv-matrix
   rows: 17
   cols: 1
   dt: f
   data: [ 3.60433519e-01, 3.82767111e-01, 3.28105479e-01,
       3.83274257e-01, 5.93382478e-01, 8.03934932e-01, 6.32547259e-01,
       3.96817744e-01, 1.35990977e-01, 1.83865339e-01, 1.95116535e-01,
       2.79455692e-01, 2.64245421e-01, 2.19644874e-01, 1.80500194e-01,
       2.37176165e-01, 3.40035033e+00 ]
extrinsic_parameters: !!opencv-matrix
   rows: 17
   cols: 6
   dt: d
   data: [ 1.6964234964727912e-01, -2.6834952212529428e-01,
       -1.6119252116721499e+00, -2.8689290825460461e+00,
       5.0958364664800850e+00, 1.1277347280109993e+01,
       4.4115726147188873e-02, -2.0146091102072861e-01,
       -1.5276036851474213e+00, -1.9144758130546784e+00,
       4.7408738534590293e+00, 1.0453747345079710e+01,
       -3.0608838331597094e-01, 2.2506509737360980e-01,
       3.0729174529672743e+00, 5.5474849033744462e+00,
       4.1783676725734091e+00, 1.3252707563607535e+01,
       -2.8102689552420496e-01, 9.8585833846071738e-02,
       2.9248961792841128e+00, 5.0832464829207531e+00,
       2.3432986199131958e+00, 1.3032620012089483e+01,
       4.7568415149336929e-01, -4.1450823257663189e-01,
       -2.7398691438651417e+00, 5.9051317460485100e+00,
       4.8907596184053004e+00, 1.3164131278153070e+01,
       4.0864651633290883e-01, -5.0775851190224874e-01,
       -2.4253358350189198e+00, 4.1828945473241728e+00,
       5.2527560331251317e+00, 1.2240585896375112e+01,
       1.2581219136450317e-01, -3.7034169794440591e-01,
       -2.0219871220259544e+00, 1.0638778408480911e+00,
       4.6680992390908882e+00, 1.1879555123919197e+01,
       9.1046005000408922e-02, -2.6836443089521222e-01,
       -1.7218961913833788e+00, -1.0350437944093627e+00,
       5.3015643830284471e+00, 1.1212702730939782e+01,
       7.8041066013079113e-02, -1.3576695058521232e-01,
       -1.7065308460023978e+00, -6.5209957104615954e+00,
       4.7781106087956413e+00, 2.1475326588334386e+01,
       -3.5605100648511876e-03, -2.7271226557569361e-01,
       -1.0303221646779948e+00, -8.9752915351193412e+00,
       1.8026542858047070e+00, 1.9749576087908917e+01,
       8.0755920451602049e-03, -2.0844458864810902e-01,
       -1.1480347966558015e+00, -5.3983581065289457e+00,
       1.4561397872280062e+00, 2.0008552651044827e+01,
       -1.0354072523464125e-02, 1.0216217053379700e-01,
       -3.0717132525804605e+00, -1.0443177253066707e+00,
       1.7433220913067118e+00, 2.2973514776453733e+01,
       -5.5799717000797007e-02, -2.3790582826574286e-01,
       3.0237902064502618e+00, -7.5943490874084840e-01,
       -2.2038100181296424e-02, 2.3084772695428576e+01,
       1.5285876833794559e-01, 2.3018713666408755e-01,
       -3.0947674467335453e+00, 1.1572803572723340e+00,
       1.5787785210976579e+00, 2.3368007245620596e+01,
       1.3377034714138524e-02, 3.4918090144474577e-02,
       -2.5263426448096076e+00, -7.0261899848838583e-01,
       4.3372440820176559e+00, 2.2888886211066346e+01,
       -7.8863927748386034e-02, -5.5657071984555086e-02,
       -2.1094163204082128e+00, -3.0047222947114776e+00,
       5.2169732784779788e+00, 2.1168090705879226e+01,
       1.1473697612511684e+00, -5.2075261270123685e-01,
       -2.4496491183329416e+00, -2.5714403510562049e+00,
       1.3230359147588600e+00, 2.3686308779182625e+01 ]
image_points: !!opencv-matrix
   rows: 17
   cols: 54
   dt: "2f"
   data: [ 1.90091339e+02, 4.17181824e+02, 1.88374130e+02,
       3.79296234e+02, 1.86672592e+02, 3.41643158e+02, 1.85104935e+02,
       3.04571350e+02, 1.83595383e+02, 2.68138672e+02, 1.81943375e+02,
       2.31900940e+02, 1.80330963e+02, 1.96150375e+02, 1.78722443e+02,
       1.60687439e+02, 1.77282196e+02, 1.25256683e+02, 2.27251999e+02,
       4.11207123e+02, 2.25198212e+02, 3.73796082e+02, 2.23396317e+02,
       3.37222778e+02, 2.21735245e+02, 3.01036377e+02, 2.20184067e+02,
       2.65480652e+02, 2.18523239e+02, 2.30182327e+02, 2.16599518e+02,
       1.95256638e+02, 2.14719788e+02, 1.61065277e+02, 2.12987503e+02,
       1.26821327e+02, 2.62776886e+02, 4.05158051e+02, 2.60522522e+02,
       3.68733398e+02, 2.58423126e+02, 3.32941528e+02, 2.56602386e+02,
       2.97646362e+02, 2.55064728e+02, 2.62994080e+02, 2.53420319e+02,
       2.28556808e+02, 2.51428879e+02, 1.94349457e+02, 2.49307953e+02,
       1.60815399e+02, 2.47215851e+02, 1.27735275e+02, 2.96556763e+02,
       3.99208557e+02, 2.94260193e+02, 3.63791229e+02, 2.92104675e+02,
       3.28962036e+02, 2.90123810e+02, 2.94501129e+02, 2.88438660e+02,
       2.60599396e+02, 2.86693939e+02, 2.26973938e+02, 2.84839294e+02,
       1.93475174e+02, 2.82675293e+02, 1.60581467e+02, 2.80451233e+02,
       1.28164917e+02, 3.28806335e+02, 3.93808655e+02, 3.26397552e+02,
       3.59345276e+02, 3.24252258e+02, 3.25380005e+02, 3.22188721e+02,
       2.91592163e+02, 3.20207764e+02, 2.58450409e+02, 3.18379089e+02,
       2.25543167e+02, 3.16539215e+02, 1.92666183e+02, 3.14392822e+02,
       1.60431122e+02, 3.12209503e+02, 1.28345749e+02, 3.59632202e+02,
       3.88764099e+02, 3.57413879e+02, 3.55249359e+02, 3.55328613e+02,
       3.22022705e+02, 3.53205719e+02, 2.88893524e+02, 3.51111176e+02,
       2.56387238e+02, 3.49016754e+02, 2.24006958e+02, 3.46618408e+02,
       1.91971634e+02, 3.44374878e+02, 1.60468643e+02, 3.42095673e+02,
       1.29113754e+02, 2.19604736e+02, 4.17840271e+02, 2.21667328e+02,
       3.76420837e+02, 2.23642136e+02, 3.35620514e+02, 2.25688431e+02,
       2.95783203e+02, 2.27603943e+02, 2.57056122e+02, 2.29377838e+02,
       2.19002945e+02, 2.31117691e+02, 1.81843018e+02, 2.32896164e+02,
       1.45280411e+02, 2.34666748e+02, 1.08622505e+02, 2.59600891e+02,
       4.16883575e+02, 2.61072876e+02, 3.75657898e+02, 2.62580536e+02,
       3.35607086e+02, 2.64185028e+02, 2.96493988e+02, 2.65887848e+02,
       2.58343872e+02, 2.67241241e+02, 2.20721191e+02, 2.68565155e+02,
       1.83977554e+02, 2.69717560e+02, 1.48499207e+02, 2.70968292e+02,
       1.13266975e+02, 2.98550659e+02, 4.15749451e+02, 2.99439148e+02,
       3.75303711e+02, 3.00397522e+02, 3.35676666e+02, 3.01591705e+02,
       2.97186310e+02, 3.02921204e+02, 2.59533203e+02, 3.04125153e+02,
       2.22550980e+02, 3.05084167e+02, 1.86193329e+02, 3.05850800e+02,
       1.50915558e+02, 3.06540314e+02, 1.16481369e+02, 3.36232269e+02,
       4.14470398e+02, 3.36771606e+02, 3.74694702e+02, 3.37366577e+02,
       3.35844269e+02, 3.38093628e+02, 2.97777893e+02, 3.39098267e+02,
       2.60738953e+02, 3.40051697e+02, 2.24316284e+02, 3.41001465e+02,
       1.88189041e+02, 3.41327515e+02, 1.53276825e+02, 3.41708649e+02,
       1.19122047e+02, 3.72760376e+02, 4.13562958e+02, 3.72957520e+02,
       3.74454529e+02, 3.73322479e+02, 3.36289337e+02, 3.73811951e+02,
       2.98632721e+02, 3.74192047e+02, 2.61959747e+02, 3.74927887e+02,
       2.25923920e+02, 3.75525208e+02, 1.90303482e+02, 3.75822327e+02,
       1.55559601e+02, 3.76018158e+02, 1.21459496e+02, 4.08268524e+02,
       4.12647919e+02, 4.08429901e+02, 3.74387390e+02, 4.08700287e+02,
       3.36695862e+02, 4.08910950e+02, 2.99508972e+02, 4.09056366e+02,
       2.63199219e+02, 4.09159424e+02, 2.27486618e+02, 4.09048096e+02,
       1.92407425e+02, 4.08930267e+02, 1.58217316e+02, 4.08779877e+02,
       1.24576080e+02, 4.71595612e+02, 3.59486359e+02, 4.42639862e+02,
       3.62444763e+02, 4.12741821e+02, 3.65443024e+02, 3.82279388e+02,
       3.68588593e+02, 3.51267365e+02, 3.72044891e+02, 3.18633270e+02,
