%YAML:1.0
---
calibration_time: "04/24/20 12:32:16"
image_width: 639
image_height: 480
board_width: 8
board_height: 6
square_size: 1.
flags: 0
camera_matrix: !!opencv-matrix
   rows: 3
   cols: 3
   dt: d
   data: [ 4.6847306715102133e+02, 0., 3.0591557168447889e+02, 0.,
       4.6892518154286313e+02, 2.2896745661869977e+02, 0., 0., 1. ]
distortion_coefficients: !!opencv-matrix
   rows: 5
   cols: 1
   dt: d
   data: [ 5.8046301143683129e-02, -1.2670539379481463e-01,
       5.1414506446602500e-07, 2.8946651520334277e-04, 0. ]
avg_reprojection_error: 2.9569046968278168e-01
