%YAML:1.0
---
calibration_time: "04/24/20 22:43:06"
image_width: 640
image_height: 480
board_width: 9
board_height: 6
square_size: 1.
flags: 0
camera_matrix: !!opencv-matrix
   rows: 3
   cols: 3
   dt: d
   data: [ 3.5525463604286477e+02, 0., 2.6057632514998238e+02, 0.,
       3.5077086406899122e+02, 2.5021394917546780e+02, 0., 0., 1. ]
distortion_coefficients: !!opencv-matrix
   rows: 5
   cols: 1
   dt: d
   data: [ 1.1617033689572804e-02, -6.3221774485512472e-02,
       1.2785546955313677e-02, -4.3621091252435797e-03, 0. ]
avg_reprojection_error: 1.4212264229190554e+00
