%YAML:1.0
---
R: !!opencv-matrix
   rows: 3
   cols: 3
   dt: d
   data: [ 9.9997023314168876e-01, 4.7391726422462300e-03,
       6.0887661495269679e-03, -4.8084913019301491e-03,
       9.9992321736146739e-01, 1.1420936603054264e-02,
       -6.0341728476985702e-03, -1.1449874416722109e-02,
       9.9991624105916255e-01 ]
T: !!opencv-matrix
   rows: 3
   cols: 1
   dt: d
   data: [ -3.3425631777798182e+00, 4.6707334039698310e-02,
       2.2128995252607385e-03 ]
R1: !!opencv-matrix
   rows: 3
   cols: 3
   dt: d
   data: [ 9.9994358117300897e-01, -9.2247798297375987e-03,
       5.2666790286667519e-03, 9.1944070499526461e-03,
       9.9994112738672980e-01, 5.7623467055800525e-03,
       -5.3195253451706788e-03, -5.7135976099471925e-03,
       9.9996952826196350e-01 ]
R2: !!opencv-matrix
   rows: 3
   cols: 3
   dt: d
   data: [ 9.9990216574689916e-01, -1.3972141131996099e-02,
       -6.6197193895951639e-04, 1.3968112577669030e-02,
       9.9988594943867504e-01, -5.7428169165357054e-03,
       7.4213588914133911e-04, 5.7330085737653420e-03,
       9.9998329078390880e-01 ]
P1: !!opencv-matrix
   rows: 3
   cols: 4
   dt: d
   data: [ 4.3976966432725601e+02, 0., 3.1922491073608398e+02, 0., 0.,
       4.3976966432725601e+02, 2.3981462860107422e+02, 0., 0., 0., 1.,
       0. ]
P2: !!opencv-matrix
   rows: 3
   cols: 4
   dt: d
   data: [ 4.3976966432725601e+02, 0., 3.1922491073608398e+02,
       -1.4701017129879490e+03, 0., 4.3976966432725601e+02,
       2.3981462860107422e+02, 0., 0., 0., 1., 0. ]
Q: !!opencv-matrix
   rows: 4
   cols: 4
   dt: d
   data: [ 1., 0., 0., -3.1922491073608398e+02, 0., 1., 0.,
       -2.3981462860107422e+02, 0., 0., 0., 4.3976966432725601e+02, 0.,
       0., 2.9914233854842193e-01, 0. ]
