%YAML:1.0
---
M1: !!opencv-matrix
   rows: 3
   cols: 3
   dt: d
   data: [ 5.3392449948421029e+02, 0., 3.2882415608235044e+02, 0.,
       5.2857637837028767e+02, 2.3724237010876416e+02, 0., 0., 1. ]
D1: !!opencv-matrix
   rows: 1
   cols: 14
   dt: d
   data: [ -2.5847762163004206e-01, -1.2969310655778554e-01, 0., 0., 0.,
       0., 0., -4.0469214832600792e-01, 0., 0., 0., 0., 0., 0. ]
M2: !!opencv-matrix
   rows: 3
   cols: 3
   dt: d
   data: [ 5.3392449948421029e+02, 0., 3.1406466808142130e+02, 0.,
       5.2857637837028767e+02, 2.4222537731867098e+02, 0., 0., 1. ]
D2: !!opencv-matrix
   rows: 1
   cols: 14
   dt: d
   data: [ -2.6275800152569873e-01, -1.3243140723825833e-02, 0., 0., 0.,
       0., 0., -1.9692432555473532e-01, 0., 0., 0., 0., 0., 0. ]
